chick<-c(3.7  , 4.2  , 4.4  , 4.4  , 4.3  , 4.2  , 4.4  , 4.8  , 4.9  , 4.4,
4.2  , 3.8  , 4.2  , 4.4  , 4.6  , 3.9  , 4.1  , 4.5  , 4.8  , 3.9,
4.7  , 4.2  , 4.2  , 4.8  , 4.5  , 3.6  , 4.1  , 4.3  , 3.9  , 4.2,
4.0  , 4.2  , 4.0  , 4.5  , 4.4  , 4.1  , 4.0  , 4.0  , 3.8  , 4.6,
4.9  , 3.8  , 4.3  , 4.3  , 3.9  , 3.8  , 4.7  , 3.9  , 4.0  , 4.2,
4.3  , 4.7  , 4.1  , 4.0  , 4.6  , 4.4  , 4.6  , 4.4  , 4.9  , 4.4,
4.0  , 3.9  , 4.5  , 4.3  , 3.8  , 4.1  , 4.3  , 4.2  , 4.5  , 4.4,
4.2  , 4.7  , 3.8  , 4.5  , 4.0  , 4.2  , 4.1  , 4.0  , 4.7  , 4.1,
4.7  , 4.1  , 4.8  , 4.1  , 4.3  , 4.7  , 4.2  , 4.1  , 4.4  , 4.8,
4.1  , 4.9  , 4.3  , 4.4  , 4.4  , 4.3  , 4.6  , 4.5  , 4.6  , 4.0)


hist(chick,breaks=c(3.55,3.65,3.75,3.85,3.95,4.05,4.15,4.25,4.35,4.45,4.55,4.65,4.75,4.85,4.95),xaxt='n',xlab="Class intervals for weight gain")
axis(side=1, at=c(3.55,3.65,3.75,3.85,3.95,4.05,4.15,4.25,4.35,4.45,4.55,4.65,4.75,4.85,4.95))


